0.001 13.2906902452
0.00106269443067 13.2897354212
0.00112931945297 13.2886572025
0.00120012149311 13.2874396543
0.00127536242685 13.2860647875
0.00135532054809 13.2845122947
0.00144029159823 13.2827592526
0.00153058985997 13.2807797861
0.00162654931982 13.2785446908
0.00172852490338 13.2760210065
0.00183689378808 13.2731715374
0.00195205679832 13.2699543118
0.00207443988792 13.2663219739
0.00220449571564 13.2622210996
0.00234270531944 13.2575914265
0.00248957989566 13.2523649899
0.00264566268981 13.2464651505
0.00281153100588 13.2398055051
0.00298779834159 13.2322886634
0.00317511665756 13.223804879
0.0033741787887 13.214230516
0.00358572100683 13.203426336
0.00381052574387 13.1912355861
0.00404942448592 13.1774818677
0.00430330084859 13.1619667671
0.00457309384527 13.1444672247
0.00485980136028 13.1247326238
0.00516448383971 13.1024815766
0.00548826821372 13.0773983893
0.00583235206472 13.0491291882
0.00619800805686 13.0172776965
0.00658658864324 12.9814006547
0.00699953106826 12.9410028882
0.00743836268351 12.8955320386
0.00790470659703 12.8443729938
0.00840028767671 12.786842072
0.00892693893003 12.7221810487
0.00948660828383 12.6495511534
0.0100813657891 12.5680272134
0.0107134112776 12.4765921837
0.0113850824981 12.3741323827
0.0120988637634 12.2594338471
0.0128573951388 12.1311803356
0.0136634822069 11.987953649
0.0145201064447 11.8282370924
0.0154304362515 11.650423087
0.0163978386672 11.4528261353
0.0174258918266 11.2337025529
0.0185183981935 10.9912785814
0.019679398625 10.7237886707
0.0209131873177 10.4295258363
0.0222243276899 10.1069059973
0.0236176692614 9.75454803277
0.0250983655894 9.37137086307
0.0266718933306 8.95670806866
0.0283440724978 8.51043928333
0.0301210879858 8.03313571876
0.032009512448 7.52621458746
0.0340163306068 6.99209384266
0.0361489650876 6.43433460042
0.0384153038729 5.85775408838
0.040823729478 5.26848747623
0.0433831499553 4.67397333323
0.0461030318422 4.08283597593
0.0489934351755 3.50464022678
0.0520650507002 2.94950189254
0.0553292394114 2.4275521425
0.0587980745754 1.94827654064
0.0624843863851 1.51977852742
0.066401809415 1.14804861602
0.0705648330515 0.836347100486
0.0749888550846 0.584819537678
0.0796902386604 0.390450078877
0.0846863728028 0.247411132035
0.0899957367308 0.147791272875
0.0956379682075 0.0825924731783
0.101633936174 0.0428106725749
0.108005817939 0.020382495558
0.114777181203 0.00881624576555
0.121973071232 0.00342169381303
0.129620103489 0.00117501335805
0.137746562081 0.000351410381755
0.146382504366 8.99069915219e-05
0.155559872137 1.9284682609e-05
0.165312609755 3.38977599857e-06
0.175676789705 4.75869589407e-07
0.186690746017 5.18246524439e-08
0.198395216049 4.23698060825e-09
0.210833491166 2.50578754255e-10
0.22405157686 1.02804757618e-11
0.238098362911 2.79077625218e-13
0.253025804216 4.75209694048e-15
0.268889112955 4.77859449296e-17
0.285746962804 2.65087012657e-19
0.303661705951 7.51179025765e-22
0.32269960372 9.96869704891e-25
0.342931071652 5.61652492751e-28
0.364430939946 1.20258561638e-31
0.387278730243 8.6346704464e-36
0.411558949744 1.80506354823e-40
0.437361403784 9.36604181499e-46
0.464781527989 1.00733657755e-51
0.49392074127 1.83216796942e-58
0.524886820938 4.47832684644e-66
0.55779430134 1.13476537105e-74
0.592764897491 2.22351070062e-84
0.629927955258 2.41967113043e-95
0.669420929773 1.00625422531e-107
0.711389893841 1.04845224916e-121
0.755990078216 1.69912149201e-137
0.803386445759 2.49979341803e-155
0.85375430158 1.81768196913e-175
0.907279941445 3.28735486732e-198
0.964161340828 6.8093469765e-224
1.02460888716 6.72910009724e-253
1.088846158 1.17999068363e-285
1.15711074795 1.33397724377e-322
1.22965514751 0.0
1.3067476769 0.0
1.38867347853 0.0
1.47573557165 0.0
1.56825597312 0.0
1.66657688849 0.0
1.77106197768 0.0
1.88209770004 0.0
2.0000947438 0.0
2.12548954504 0.0
2.25874590195 0.0
2.4003566903 0.0
2.55084568639 0.0
2.71076950441 0.0
2.88071965516 0.0
3.06132473384 0.0
3.25325274511 0.0
3.45721357378 0.0
3.67396161047 0.0
3.90429854193 0.0
4.14907631616 0.0
4.40920029359 0.0
4.68563259569 0.0
4.97939566358 0.0
5.29157603977 0.0
5.6233283869 0.0
5.97587975856 0.0
6.35053413775 0.0
6.74867725994 0.0
7.1717817385 0.0
7.62141251145 0.0
8.09923262972 0.0
8.60700940827 0.0
9.14662096285 0.0
9.72006315663 0.0
10.3294569823 0.0
10.9770564068 0.0
11.6652567087 0.0
12.3966033366 0.0
13.1738013249 0.0
13.9997252987 0.0
14.8774301058 0.0
15.810162116 0.0
16.8013712286 0.0
17.8547236322 0.0
18.974115365 0.0
20.1636867252 0.0
21.4278375845 0.0
22.7712436623 0.0
24.1988738193 0.0
25.7160084361 0.0
27.328258944 0.0
29.0415885795 0.0
30.8623344412 0.0
32.797230928 0.0
34.8534346484 0.0
37.0385508904 0.0
39.3606617511 0.0
41.8283560302 0.0
44.4507609972 0.0
47.2375761506 0.0
50.1991090934 0.0
53.3463136579 0.0
56.6908304208 0.0
60.2450297579 0.0
64.022057599 0.0
68.0358840502 0.0
72.3013550656 0.0
76.8342473578 0.0
81.6513267514 0.0
86.7704101952 0.0
92.210431661 0.0
97.9915121754 0.0
104.135034241 0.0
110.663720925 0.0
117.601719904 0.0
124.974692779 0.0
132.80990999 0.0
141.136351684 0.0
149.984814899 0.0
159.388027477 0.0
169.380769115 0.0
180.0 0.0
